1 2 f 4 b f 7 8 f b 11 f 13 14 fb 16 17 f 19 b f 22 23 f b 26 f 28 29 fb 31 32 f 34 b f 37 38 f b 41 f 43 44 fb 46 47 f 49 b f 52 53 f b 
1 2 b 4 
1 
1 2 3 4 5 6 
1 2 
1 2 3 b 
1 2 3 4 5 6 7 8 9 10 11 
1 2 3 4 5 6 7 8 9 10 11 b 13 14 15 16 17 18 19 20 21 22 23 b 25 26 27 28 29 30 31 32 33 34 35 
1 2 3 4 
1 2 3 b 5 f 7 b 
1 2 3 4 5 6 7 8 9 10 11 12 13 14 f 16 17 18 19 20 21 22 23 24 25 26 27 28 29 f 31 32 33 34 b 36 37 38 39 40 41 42 43 44 f 
1 2 3 4 5 6 7 8 9 10 11 12 13 14 15 16 17 18 19 20 21 f 23 24 25 26 27 28 29 b 31 
1 2 3 4 5 6 7 f 9 10 11 12 13 14 15 fb 17 18 19 20 21 22 23 f 25 
1 b 3 b 5 b 7 b 9 b 11 b 13 fb 15 b 17 b 19 b 21 b 23 b 25 b 27 
1 2 3 4 
1 2 3 4 5 6 7 8 b 10 11 12 13 14 15 16 17 b 19 20 21 22 23 
1 2 3 4 5 6 b 8 
1 2 3 4 f 6 b 8 
1 
1 2 3 4 5 6 7 
